Country,Date,New tests,Total Tests,New Cases,Total Cases,New Recoveries,Total Recoveries,New Deaths,Total Deaths,Active Cases
Moldova,2020-03-07,NaN,NaN,1,1,0,0,0,0,1
Moldova,2020-03-08,3,3,0,1,0,0,0,0,1
Moldova,2020-03-09,4,7,0,1,0,0,0,0,1
Moldova,2020-03-10,8,15,2,3,0,0,0,0,3
Moldova,2020-03-11,30,45,1,4,0,0,0,0,4
Moldova,2020-03-12,30,75,2,6,0,0,0,0,6
Moldova,2020-03-13,33,108,2,8,0,0,0,0,8
Moldova,2020-03-14,47,155,4,12,0,0,0,0,12
Moldova,2020-03-15,49,204,11,23,0,0,0,0,23
Moldova,2020-03-16,27,231,6,29,1,1,0,0,28
Moldova,2020-03-17,47,277,1,30,0,1,0,0,29
Moldova,2020-03-18,63,340,6,36,0,1,1,1,34
Moldova,2020-03-19,95,435,13,49,0,1,0,1,47
Moldova,2020-03-20,90,525,17,66,0,1,0,1,64
Moldova,2020-03-21,111,636,14,80,1,2,0,1,77
Moldova,2020-03-22,124,760,14,94,0,2,0,1,91
Moldova,2020-03-23,115,875,15,109,0,2,0,1,106
Moldova,2020-03-24,104,979,16,125,0,2,0,1,122
Moldova,2020-03-25,153,1132,24,149,0,2,0,1,146
Moldova,2020-03-26,134,1266,28,177,0,2,0,1,174
Moldova,2020-03-27,128,1394,22,199,3,5,1,2,192
Moldova,2020-03-28,231,1625,32,231,6,11,0,2,218
Moldova,2020-03-29,246,1871,32,263,2,13,1,3,247
Moldova,2020-03-30,169,2040,35,298,5,18,0,3,277
Moldova,2020-03-31,280,2320,55,353,4,22,1,4,327
Moldova,2020-04-01,329,2649,70,423,1,23,1,5,395
Moldova,2020-04-02,332,2981,82,505,2,25,1,6,474
Moldova,2020-04-03,419,3400,86,591,0,25,2,8,558
Moldova,2020-04-04,681,4081,161,752,4,29,4,12,711
Moldova,2020-04-05,349,4430,112,864,1,30,3,15,819
Moldova,2020-04-06,192,4622,101,965,7,37,4,19,909
Moldova,2020-04-07,510,5132,91,1056,3,40,3,22,994
Moldova,2020-04-08,629,5761,118,1174,3,43,5,27,1104
Moldova,2020-04-09,534,6295,115,1289,7,50,2,29,1210
Moldova,2020-04-10,568,6863,149,1438,6,56,0,29,1353
Moldova,2020-04-11,598,7461,122,1560,19,75,1,30,1455
Moldova,2020-04-12,439,7900,102,1662,19,94,2,32,1536
Moldova,2020-04-13,273,8173,50,1712,13,107,4,36,1569
Moldova,2020-04-14,465,8638,87,1799,27,134,4,40,1625
Moldova,2020-04-15,594,9232,115,1914,37,171,6,46,1697
Moldova,2020-04-16,640,9872,105,2019,64,235,8,54,1730
Moldova,2020-04-17,549,10421,110,2129,41,276,2,56,1797
Moldova,2020-04-18,726,11147,153,2282,115,391,4,60,1831
Moldova,2020-04-19,640,11787,190,2472,66,457,7,67,1948
Moldova,2020-04-20,199,11986,76,2548,21,478,3,70,2000
Moldova,2020-04-21,241,12227,66,2614,27,505,3,73,2036
Moldova,2020-04-22,696,12923,164,2778,55,560,3,76,2142
Moldova,2020-04-23,792,13715,148,2926,101,661,4,80,2185
Moldova,2020-04-24,857,14572,184,3110,94,755,7,87,2268
Moldova,2020-04-25,1024,15596,194,3304,70,825,7,94,2385
Moldova,2020-04-26,594,16190,104,3408,70,895,2,96,2417
Moldova,2020-04-27,367,16557,73,3481,30,925,6,102,2454
Moldova,2020-04-28,695,17252,157,3638,50,975,5,107,2556
Moldova,2020-04-29,801,18053,133,3771,139,1114,4,111,2546
Moldova,2020-04-30,878,18931,126,3897,68,1182,8,119,2596
Moldova,2020-05-01,801,19732,83,3980,90,1272,3,122,2586
Moldova,2020-05-02,371,20103,72,4052,62,1334,2,124,2594
Moldova,2020-05-03,368,20471,69,4121,48,1382,1,125,2614
Moldova,2020-05-04,696,21167,127,4248,41,1423,7,132,2693
Moldova,2020-05-05,924,22091,115,4363,121,1544,4,136,2683
Moldova,2020-05-06,775,22866,113,4476,114,1658,7,143,2675
Moldova,2020-05-07,739,23605,129,4605,89,1747,2,145,2713
Moldova,2020-05-08,874,24479,123,4728,79,1826,7,152,2750
Moldova,2020-05-09,986,25465,139,4867,99,1925,9,161,2781
Moldova,2020-05-10,420,25885,60,4927,33,1958,8,169,2800
Moldova,2020-05-11,373,26258,68,4995,22,1980,7,176,2839
Moldova,2020-05-12,780,27038,159,5154,89,2069,6,182,2903
Moldova,2020-05-13,1086,28124,252,5406,107,2176,3,185,3045
Moldova,2020-05-14,892,29016,147,5553,52,2228,9,194,3131
Moldova,2020-05-15,1117,30133,192,5745,52,2280,8,202,3263
Moldova,2020-05-16,1180,31313,189,5934,64,2344,5,207,3383
Moldova,2020-05-17,749,32062,126,6060,64,2408,4,211,3441
Moldova,2020-05-18,360,32422,78,6138,17,2425,6,217,3496
Moldova,2020-05-19,1070,33492,202,6340,83,2508,4,221,3611
Moldova,2020-05-20,1238,34730,213,6553,445,2953,7,228,3372
Moldova,2020-05-21,1046,35776,151,6704,136,3089,5,233,3382
Moldova,2020-05-22,1028,36804,143,6847,280,3369,4,237,3241
Moldova,2020-05-23,989,37793,147,6994,83,3452,5,242,3300
Moldova,2020-05-24,599,38392,99,7093,261,3713,8,250,3130
Moldova,2020-05-25,383,38775,54,7147,89,3802,11,261,3084
Moldova,2020-05-26,833,39608,158,7305,82,3884,7,268,3153
Moldova,2020-05-27,1289,40897,232,7537,91,3975,6,274,3288
Moldova,2020-05-28,1231,42128,188,7725,148,4123,8,282,3320
Moldova,2020-05-29,1028,43156,171,7896,155,4278,6,288,3330
Moldova,2020-05-30,1281,44437,202,8098,177,4455,3,291,3352
Moldova,2020-05-31,673,45110,153,8251,126,4581,4,295,3375
Moldova,2020-06-01,639,45749,109,8360,41,4622,10,305,3433
Moldova,2020-06-02,1093,46842,188,8548,116,4738,2,307,3503
Moldova,2020-06-03,1405,48247,247,8795,125,4863,3,310,3622
Moldova,2020-06-04,1173,49420,223,9018,146,5009,5,315,3694
Moldova,2020-06-05,1296,50716,229,9247,231,5240,8,323,3684
Moldova,2020-06-06,1247,51963,264,9511,210,5450,8,331,3730
Moldova,2020-06-07,685,52648,189,9700,188,5638,10,341,3721
Moldova,2020-06-08,404,53052,107,9807,100,5738,12,353,3716
Moldova,2020-06-09,664,53716,218,10025,59,5797,12,365,3863
Moldova,2020-06-10,1192,54908,296,10321,133,5930,6,371,4020
Moldova,2020-06-11,1399,56307,406,10727,142,6072,4,375,4280
Moldova,2020-06-12,1404,57711,366,11093,157,6229,10,385,4479
Moldova,2020-06-13,1426,59137,366,11459,192,6421,13,398,4640
Moldova,2020-06-14,842,59979,281,11740,202,6623,8,406,4711
Moldova,2020-06-15,545,60524,139,11879,171,6794,5,411,4674
Moldova,2020-06-16,1483,62007,375,12254,107,6901,12,423,4930
Moldova,2020-06-17,1659,63666,478,12732,176,7077,10,433,5222
Moldova,2020-06-18,1337,65003,374,13106,175,7252,11,444,5410
Moldova,2020-06-19,1651,66654,450,13556,273,7525,6,450,5581
Moldova,2020-06-20,1586,68240,397,13953,220,7745,14,464,5744
Moldova,2020-06-21,846,69086,247,14200,151,7896,9,473,5831
Moldova,2020-06-22,881,69967,163,14363,123,8019,7,480,5864
Moldova,2020-06-23,1319,71286,351,14714,193,8212,10,490,6012
Moldova,2020-06-24,1547,72833,364,15078,188,8400,5,495,6183
Moldova,2020-06-25,1456,74289,375,15453,199,8599,7,502,6352
Moldova,2020-06-26,1346,75635,323,15776,166,8765,13,515,6496
Moldova,2020-06-27,1607,77242,304,16080,198,8963,6,521,6596
Moldova,2020-06-28,706,77948,170,16250,118,9081,9,530,6639
Moldova,2020-06-29,563,78511,107,16357,148,9229,6,536,6592
Moldova,2020-06-30,1237,79748,256,16613,153,9382,9,545,6686
Moldova,2020-07-01,1513,81261,285,16898,212,9594,4,549,6755
Moldova,2020-07-02,1398,82659,252,17150,252,9846,11,560,6744
Moldova,2020-07-03,1320,83979,295,17445,247,10093,13,573,6779
Moldova,2020-07-04,1326,85305,227,17672,303,10396,7,580,6696
Moldova,2020-07-05,604,85909,142,17814,322,10718,5,585,6511
Moldova,2020-07-06,557,86466,92,17906,329,11047,10,595,6264
Moldova,2020-07-07,1040,87506,235,18141,194,11241,8,603,6297
Moldova,2020-07-08,1285,88791,330,18471,308,11549,11,614,6308
Moldova,2020-07-09,1176,89967,195,18666,387,11936,10,624,6106
Moldova,2020-07-10,1254,91221,258,18924,252,12188,11,635,6101
Moldova,2020-07-11,1149,92370,284,19208,268,12456,5,640,6112
Moldova,2020-07-12,743,93113,174,19382,211,12667,2,642,6073
Moldova,2020-07-13,388,93501,57,19439,126,12793,7,649,5997
Moldova,2020-07-14,1227,94728,269,19708,240,13033,6,655,6020
Moldova,2020-07-15,1434,96162,332,20040,265,13298,4,659,6083
Moldova,2020-07-16,1280,97442,224,20264,342,13640,7,666,5958
Moldova,2020-07-17,1166,98608,230,20494,273,13913,9,675,5906
Moldova,2020-07-18,1411,100019,300,20794,270,14183,5,680,5931
Moldova,2020-07-19,692,100711,186,20980,193,14376,4,684,5920
Moldova,2020-07-20,557,101268,135,21115,91,14467,10,694,5954
Moldova,2020-07-21,1211,102479,327,21442,132,14599,13,707,6136
Moldova,2020-07-22,1411,103890,356,21798,257,14856,5,712,6230
Moldova,2020-07-23,1328,105218,307,22105,318,15174,7,719,6212
Moldova,2020-07-24,1317,106535,378,22483,233,15407,7,726,6350
Moldova,2020-07-25,1378,107913,345,22828,201,15608,6,732,6488
Moldova,2020-07-26,772,108685,206,23034,301,15909,3,735,6390
Moldova,2020-07-27,657,109342,120,23154,245,16154,13,748,6252
Moldova,2020-07-28,1333,110675,367,23521,308,16462,5,753,6306
Moldova,2020-07-29,1577,112252,426,23947,323,16785,6,759,6403
Moldova,2020-07-30,1536,113788,396,24343,255,17040,12,771,6532
Moldova,2020-07-31,1629,115417,390,24733,229,17269,7,778,6686
Moldova,2020-08-01,1815,117232,380,25113,302,17571,10,788,6754
Moldova,2020-08-02,742,117974,249,25362,245,17816,3,791,6755
Moldova,2020-08-03,537,118511,120,25482,126,17942,9,800,6740
Moldova,2020-08-04,1698,120209,332,25814,225,18167,10,810,6837
Moldova,2020-08-05,1562,121771,408,26222,251,18418,13,823,6981
Moldova,2020-08-06,1754,123525,406,26628,258,18676,5,828,7124
Moldova,2020-08-07,1990,125515,362,26990,242,18918,7,835,7237
Moldova,2020-08-08,1872,127387,453,27443,182,19100,6,841,7502
Moldova,2020-08-09,777,128164,217,27660,200,19300,4,845,7515
Moldova,2020-08-10,921,129085,181,27841,165,19465,5,850,7526